camera_matrix: [306.01, 0.0, 317.20, 0.0, 306.00, 183.83, 0.0, 0.0, 1.0]
